
bcCoord=0.007811,0.009287,0.982902
texCoord[0]=0.000100,0.999900
texCoord[1]=0.999900,0.999900
texCoord[2]=0.999900,0.000100
weighted texCoord=0.992090,0.017195
rescaled coord=535.728760,9.285239
color=0.905882,0.905882,0.905882

bcCoord=0.006082,0.009879,0.984039
texCoord[0]=0.000100,0.999900
texCoord[1]=0.999900,0.999900
texCoord[2]=0.999900,0.000100
weighted texCoord=0.993819,0.016058
rescaled coord=536.662292,8.671115
color=0.000000,0.000000,0.000000
